Here is the matrix A:

      4.00       5.00       6.00       7.00       8.00 
      5.00       6.00       7.00       8.00       9.00 
      6.00       7.00       8.00       9.00      10.00 
      7.00       8.00       9.00      10.00      11.00 
      8.00       9.00      10.00      11.00      12.00 
Here is the matrix B:

      5.00      6.00      7.00      8.00      9.00
      6.00      7.00      8.00      9.00     10.00
      7.00      8.00      9.00     10.00     11.00
      8.00      9.00     10.00     11.00     12.00
      9.00     10.00     11.00     12.00     13.00
Here is the matrix C:

    220.00    250.00    280.00    310.00    340.00
    255.00    290.00    325.00    360.00    395.00
    290.00    330.00    370.00    410.00    450.00
    325.00    370.00    415.00    460.00    505.00
    360.00    410.00    460.00    510.00    560.00
